0.5
0.498999
0.497998
0.496997
0.495996
0.494995
0.493994
0.492993
0.491992
0.490991
0.48999
0.488989
0.487988
0.486987
0.485986
0.484985
0.483984
0.482983
0.481982
0.480981
0.47998
0.478979
0.477978
0.476977
0.475976
0.474975
0.473974
0.472973
0.471972
0.470971
0.46997
0.468969
0.467968
0.466967
0.465966
0.464965
0.463964
0.462963
0.461962
0.460961
0.45996
0.458959
0.457958
0.456957
0.455956
0.454955
0.453954
0.452953
0.451952
0.450951
0.44995
0.448949
0.447948
0.446947
0.445946
0.444945
0.443944
0.442943
0.441942
0.440941
0.43994
0.438939
0.437938
0.436937
0.435936
0.434935
0.433934
0.432933
0.431932
0.430931
0.42993
0.428929
0.427928
0.426927
0.425926
0.424925
0.423924
0.422923
0.421922
0.420921
0.41992
0.418919
0.417918
0.416917
0.415916
0.414915
0.413914
0.412913
0.411912
0.410911
0.40991
0.408909
0.407908
0.406907
0.405906
0.404905
0.403904
0.402903
0.401902
0.400901
0.3999
0.398899
0.397898
0.396897
0.395896
0.394895
0.393894
0.392893
0.391892
0.390891
0.38989
0.388889
0.387888
0.386887
0.385886
0.384885
0.383884
0.382883
0.381882
0.380881
0.37988
0.378879
0.377878
0.376877
0.375876
0.374875
0.373874
0.372873
0.371872
0.370871
0.36987
0.368869
0.367868
0.366867
0.365866
0.364865
0.363864
0.362863
0.361862
0.360861
0.35986
0.358859
0.357858
0.356857
0.355856
0.354855
0.353854
0.352853
0.351852
0.350851
0.34985
0.348849
0.347848
0.346847
0.345846
0.344845
0.343844
0.342843
0.341842
0.340841
0.33984
0.338839
0.337838
0.336837
0.335836
0.334835
0.333834
0.332833
0.331832
0.330831
0.32983
0.328829
0.327828
0.326827
0.325826
0.324825
0.323824
0.322823
0.321822
0.320821
0.31982
0.318819
0.317818
0.316817
0.315816
0.314815
0.313814
0.312813
0.311812
0.310811
0.30981
0.308809
0.307808
0.306807
0.305806
0.304805
0.303804
0.302803
0.301802
0.300801
0.2998
0.298799
0.297798
0.296797
0.295796
0.294795
0.293794
0.292793
0.291792
0.290791
0.28979
0.288789
0.287788
0.286787
0.285786
0.284785
0.283784
0.282783
0.281782
0.280781
0.27978
0.278779
0.277778
0.276777
0.275776
0.274775
0.273774
0.272773
0.271772
0.270771
0.26977
0.268769
0.267768
0.266767
0.265766
0.264765
0.263764
0.262763
0.261762
0.260761
0.25976
0.258759
0.257758
0.256757
0.255756
0.254755
0.253754
0.252753
0.251752
0.250751
0.24975
0.248749
0.247748
0.246747
0.245746
0.244745
0.243744
0.242743
0.241742
0.240741
0.23974
0.238739
0.237738
0.236737
0.235736
0.234735
0.233734
0.232733
0.231732
0.230731
0.22973
0.228729
0.227728
0.226727
0.225726
0.224725
-0.223724
-0.222723
-0.221722
-0.220721
-0.21972
-0.218719
-0.217718
-0.216717
-0.215716
-0.214715
-0.213714
-0.212713
-0.211712
-0.210711
-0.20971
-0.208709
-0.207708
-0.206707
-0.205706
-0.204705
-0.203704
-0.202703
-0.201702
-0.200701
-0.1997
-0.198699
-0.197698
-0.196697
-0.195696
-0.194695
-0.193694
-0.192693
-0.191692
-0.190691
-0.18969
-0.188689
-0.187688
-0.186687
-0.185686
-0.184685
-0.183684
-0.182683
-0.181682
-0.180681
-0.17968
-0.178679
-0.177678
-0.176677
-0.175676
-0.174675
-0.173674
-0.172673
-0.171672
-0.170671
-0.16967
-0.168669
-0.167668
-0.166667
-0.165666
-0.164665
-0.163664
-0.162663
-0.161662
-0.160661
-0.15966
-0.158659
-0.157658
-0.156657
-0.155656
-0.154655
-0.153654
-0.152653
-0.151652
-0.150651
-0.14965
-0.148649
-0.147648
-0.146647
-0.145646
-0.144645
-0.143644
-0.142643
-0.141642
-0.140641
-0.13964
-0.138639
-0.137638
-0.136637
-0.135636
-0.134635
-0.133634
-0.132633
-0.131632
-0.130631
-0.12963
-0.128629
-0.127628
-0.126627
-0.125626
-0.124625
-0.123624
-0.122623
-0.121622
-0.120621
-0.11962
-0.118619
-0.117618
-0.116617
-0.115616
-0.114615
-0.113614
-0.112613
-0.111612
-0.110611
-0.10961
-0.108609
-0.107608
-0.106607
-0.105606
-0.104605
-0.103604
-0.102603
-0.101602
-0.100601
-0.0995996
-0.0985986
-0.0975976
-0.0965966
-0.0955956
-0.0945946
-0.0935936
-0.0925926
-0.0915916
-0.0905906
-0.0895896
-0.0885886
-0.0875876
-0.0865866
-0.0855856
-0.0845846
-0.0835836
-0.0825826
-0.0815816
-0.0805806
-0.0795796
-0.0785786
-0.0775776
-0.0765766
-0.0755756
-0.0745746
-0.0735736
-0.0725726
-0.0715716
-0.0705706
-0.0695696
-0.0685686
-0.0675676
-0.0665666
-0.0655656
-0.0645646
-0.0635636
-0.0625626
-0.0615616
-0.0605606
-0.0595596
-0.0585586
-0.0575576
-0.0565566
-0.0555556
-0.0545546
-0.0535536
-0.0525526
-0.0515516
-0.0505506
-0.0495495
-0.0485485
-0.0475475
-0.0465465
-0.0455455
-0.0445445
-0.0435435
-0.0425425
-0.0415415
-0.0405405
-0.0395395
-0.0385385
-0.0375375
-0.0365365
-0.0355355
-0.0345345
-0.0335335
-0.0325325
-0.0315315
-0.0305305
-0.0295295
-0.0285285
-0.0275275
-0.0265265
-0.0255255
-0.0245245
-0.0235235
-0.0225225
-0.0215215
-0.0205205
-0.0195195
-0.0185185
-0.0175175
-0.0165165
-0.0155155
-0.0145145
-0.0135135
-0.0125125
-0.0115115
-0.0105105
-0.00950951
-0.00850851
-0.00750751
-0.00650651
-0.00550551
-0.0045045
-0.0035035
-0.0025025
-0.0015015
-0.000500501
0.000500501
0.0015015
0.0025025
0.0035035
0.0045045
0.00550551
0.00650651
0.00750751
0.00850851
0.00950951
0.0105105
0.0115115
0.0125125
0.0135135
0.0145145
0.0155155
0.0165165
0.0175175
0.0185185
0.0195195
0.0205205
0.0215215
0.0225225
0.0235235
0.0245245
0.0255255
0.0265265
0.0275275
0.0285285
0.0295295
0.0305305
0.0315315
0.0325325
0.0335335
0.0345345
0.0355355
0.0365365
0.0375375
0.0385385
0.0395395
0.0405405
0.0415415
0.0425425
0.0435435
0.0445445
0.0455455
0.0465465
0.0475475
0.0485485
0.0495495
0.0505506
0.0515516
0.0525526
0.0535536
0.0545546
0.0555556
0.0565566
0.0575576
0.0585586
0.0595596
0.0605606
0.0615616
0.0625626
0.0635636
0.0645646
0.0655656
0.0665666
0.0675676
0.0685686
0.0695696
0.0705706
0.0715716
0.0725726
0.0735736
0.0745746
0.0755756
0.0765766
0.0775776
0.0785786
0.0795796
0.0805806
0.0815816
0.0825826
0.0835836
0.0845846
0.0855856
0.0865866
0.0875876
0.0885886
0.0895896
0.0905906
0.0915916
0.0925926
0.0935936
0.0945946
0.0955956
0.0965966
0.0975976
0.0985986
0.0995996
0.100601
0.101602
0.102603
0.103604
0.104605
0.105606
0.106607
0.107608
0.108609
0.10961
0.110611
0.111612
0.112613
0.113614
0.114615
0.115616
0.116617
0.117618
0.118619
0.11962
0.120621
0.121622
0.122623
0.123624
0.124625
0.125626
0.126627
0.127628
0.128629
0.12963
0.130631
0.131632
0.132633
0.133634
0.134635
0.135636
0.136637
0.137638
0.138639
0.13964
0.140641
0.141642
0.142643
0.143644
0.144645
0.145646
0.146647
0.147648
0.148649
0.14965
0.150651
0.151652
0.152653
0.153654
0.154655
0.155656
0.156657
0.157658
0.158659
0.15966
0.160661
0.161662
0.162663
0.163664
0.164665
0.165666
0.166667
0.167668
0.168669
0.16967
0.170671
0.171672
0.172673
0.173674
0.174675
0.175676
0.176677
0.177678
0.178679
0.17968
0.180681
0.181682
0.182683
0.183684
0.184685
0.185686
0.186687
0.187688
0.188689
0.18969
0.190691
0.191692
0.192693
0.193694
0.194695
0.195696
0.196697
0.197698
0.198699
0.1997
0.200701
0.201702
0.202703
0.203704
0.204705
0.205706
0.206707
0.207708
0.208709
0.20971
0.210711
0.211712
0.212713
0.213714
0.214715
0.215716
0.216717
0.217718
0.218719
0.21972
0.220721
0.221722
0.222723
0.223724
-0.224725
-0.225726
-0.226727
-0.227728
-0.228729
-0.22973
-0.230731
-0.231732
-0.232733
-0.233734
-0.234735
-0.235736
-0.236737
-0.237738
-0.238739
-0.23974
-0.240741
-0.241742
-0.242743
-0.243744
-0.244745
-0.245746
-0.246747
-0.247748
-0.248749
-0.24975
-0.250751
-0.251752
-0.252753
-0.253754
-0.254755
-0.255756
-0.256757
-0.257758
-0.258759
-0.25976
-0.260761
-0.261762
-0.262763
-0.263764
-0.264765
-0.265766
-0.266767
-0.267768
-0.268769
-0.26977
-0.270771
-0.271772
-0.272773
-0.273774
-0.274775
-0.275776
-0.276777
-0.277778
-0.278779
-0.27978
-0.280781
-0.281782
-0.282783
-0.283784
-0.284785
-0.285786
-0.286787
-0.287788
-0.288789
-0.28979
-0.290791
-0.291792
-0.292793
-0.293794
-0.294795
-0.295796
-0.296797
-0.297798
-0.298799
-0.2998
-0.300801
-0.301802
-0.302803
-0.303804
-0.304805
-0.305806
-0.306807
-0.307808
-0.308809
-0.30981
-0.310811
-0.311812
-0.312813
-0.313814
-0.314815
-0.315816
-0.316817
-0.317818
-0.318819
-0.31982
-0.320821
-0.321822
-0.322823
-0.323824
-0.324825
-0.325826
-0.326827
-0.327828
-0.328829
-0.32983
-0.330831
-0.331832
-0.332833
-0.333834
-0.334835
-0.335836
-0.336837
-0.337838
-0.338839
-0.33984
-0.340841
-0.341842
-0.342843
-0.343844
-0.344845
-0.345846
-0.346847
-0.347848
-0.348849
-0.34985
-0.350851
-0.351852
-0.352853
-0.353854
-0.354855
-0.355856
-0.356857
-0.357858
-0.358859
-0.35986
-0.360861
-0.361862
-0.362863
-0.363864
-0.364865
-0.365866
-0.366867
-0.367868
-0.368869
-0.36987
-0.370871
-0.371872
-0.372873
-0.373874
-0.374875
-0.375876
-0.376877
-0.377878
-0.378879
-0.37988
-0.380881
-0.381882
-0.382883
-0.383884
-0.384885
-0.385886
-0.386887
-0.387888
-0.388889
-0.38989
-0.390891
-0.391892
-0.392893
-0.393894
-0.394895
-0.395896
-0.396897
-0.397898
-0.398899
-0.3999
-0.400901
-0.401902
-0.402903
-0.403904
-0.404905
-0.405906
-0.406907
-0.407908
-0.408909
-0.40991
-0.410911
-0.411912
-0.412913
-0.413914
-0.414915
-0.415916
-0.416917
-0.417918
-0.418919
-0.41992
-0.420921
-0.421922
-0.422923
-0.423924
-0.424925
-0.425926
-0.426927
-0.427928
-0.428929
-0.42993
-0.430931
-0.431932
-0.432933
-0.433934
-0.434935
-0.435936
-0.436937
-0.437938
-0.438939
-0.43994
-0.440941
-0.441942
-0.442943
-0.443944
-0.444945
-0.445946
-0.446947
-0.447948
-0.448949
-0.44995
-0.450951
-0.451952
-0.452953
-0.453954
-0.454955
-0.455956
-0.456957
-0.457958
-0.458959
-0.45996
-0.460961
-0.461962
-0.462963
-0.463964
-0.464965
-0.465966
-0.466967
-0.467968
-0.468969
-0.46997
-0.470971
-0.471972
-0.472973
-0.473974
-0.474975
-0.475976
-0.476977
-0.477978
-0.478979
-0.47998
-0.480981
-0.481982
-0.482983
-0.483984
-0.484985
-0.485986
-0.486987
-0.487988
-0.488989
-0.48999
-0.490991
-0.491992
-0.492993
-0.493994
-0.494995
-0.495996
-0.496997
-0.497998
-0.498999
-0.5
