-0.5
-0.498998999
-0.497997998
-0.496996997
-0.495995996
-0.494994995
-0.493993994
-0.492992993
-0.491991992
-0.490990991
-0.48998999
-0.488988989
-0.487987988
-0.486986987
-0.485985986
-0.484984985
-0.483983984
-0.482982983
-0.481981982
-0.480980981
-0.47997998
-0.478978979
-0.477977978
-0.476976977
-0.475975976
-0.474974975
-0.473973974
-0.472972973
-0.471971972
-0.470970971
-0.46996997
-0.468968969
-0.467967968
-0.466966967
-0.465965966
-0.464964965
-0.463963964
-0.462962963
-0.461961962
-0.460960961
-0.45995996
-0.458958959
-0.457957958
-0.456956957
-0.455955956
-0.454954955
-0.453953954
-0.452952953
-0.451951952
-0.450950951
-0.44994995
-0.448948949
-0.447947948
-0.446946947
-0.445945946
-0.444944945
-0.443943944
-0.442942943
-0.441941942
-0.440940941
-0.43993994
-0.438938939
-0.437937938
-0.436936937
-0.435935936
-0.434934935
-0.433933934
-0.432932933
-0.431931932
-0.430930931
-0.42992993
-0.428928929
-0.427927928
-0.426926927
-0.425925926
-0.424924925
-0.423923924
-0.422922923
-0.421921922
-0.420920921
-0.41991992
-0.418918919
-0.417917918
-0.416916917
-0.415915916
-0.414914915
-0.413913914
-0.412912913
-0.411911912
-0.410910911
-0.40990991
-0.408908909
-0.407907908
-0.406906907
-0.405905906
-0.404904905
-0.403903904
-0.402902903
-0.401901902
-0.400900901
-0.3998999
-0.398898899
-0.397897898
-0.396896897
-0.395895896
-0.394894895
-0.393893894
-0.392892893
-0.391891892
-0.390890891
-0.38988989
-0.388888889
-0.387887888
-0.386886887
-0.385885886
-0.384884885
-0.383883884
-0.382882883
-0.381881882
-0.380880881
-0.37987988
-0.378878879
-0.377877878
-0.376876877
-0.375875876
-0.374874875
-0.373873874
-0.372872873
-0.371871872
-0.370870871
-0.36986987
-0.368868869
-0.367867868
-0.366866867
-0.365865866
-0.364864865
-0.363863864
-0.362862863
-0.361861862
-0.360860861
-0.35985986
-0.358858859
-0.357857858
-0.356856857
-0.355855856
-0.354854855
-0.353853854
-0.352852853
-0.351851852
-0.350850851
-0.34984985
-0.348848849
-0.347847848
-0.346846847
-0.345845846
-0.344844845
-0.343843844
-0.342842843
-0.341841842
-0.340840841
-0.33983984
-0.338838839
-0.337837838
-0.336836837
-0.335835836
-0.334834835
-0.333833834
-0.332832833
-0.331831832
-0.330830831
-0.32982983
-0.328828829
-0.327827828
-0.326826827
-0.325825826
-0.324824825
-0.323823824
-0.322822823
-0.321821822
-0.320820821
-0.31981982
-0.318818819
-0.317817818
-0.316816817
-0.315815816
-0.314814815
-0.313813814
-0.312812813
-0.311811812
-0.310810811
-0.30980981
-0.308808809
-0.307807808
-0.306806807
-0.305805806
-0.304804805
-0.303803804
-0.302802803
-0.301801802
-0.300800801
-0.2997998
-0.298798799
-0.297797798
-0.296796797
-0.295795796
-0.294794795
-0.293793794
-0.292792793
-0.291791792
-0.290790791
-0.28978979
-0.288788789
-0.287787788
-0.286786787
-0.285785786
-0.284784785
-0.283783784
-0.282782783
-0.281781782
-0.280780781
-0.27977978
-0.278778779
-0.277777778
-0.276776777
-0.275775776
-0.274774775
-0.273773774
-0.272772773
-0.271771772
-0.270770771
-0.26976977
-0.268768769
-0.267767768
-0.266766767
-0.265765766
-0.264764765
-0.263763764
-0.262762763
-0.261761762
-0.260760761
-0.25975976
-0.258758759
-0.257757758
-0.256756757
-0.255755756
-0.254754755
-0.253753754
-0.252752753
-0.251751752
-0.250750751
-0.24974975
-0.248748749
-0.247747748
-0.246746747
-0.245745746
-0.244744745
-0.243743744
-0.242742743
-0.241741742
-0.240740741
-0.23973974
-0.238738739
-0.237737738
-0.236736737
-0.235735736
-0.234734735
-0.233733734
-0.232732733
-0.231731732
-0.230730731
-0.22972973
-0.228728729
-0.227727728
-0.226726727
-0.225725726
-0.224724725
-0.223723724
-0.222722723
-0.221721722
-0.220720721
-0.21971972
-0.218718719
-0.217717718
-0.216716717
-0.215715716
-0.214714715
-0.213713714
-0.212712713
-0.211711712
-0.210710711
-0.20970971
-0.208708709
-0.207707708
-0.206706707
-0.205705706
-0.204704705
-0.203703704
-0.202702703
-0.201701702
-0.200700701
-0.1996997
-0.198698699
-0.197697698
-0.196696697
-0.195695696
-0.194694695
-0.193693694
-0.192692693
-0.191691692
-0.190690691
-0.18968969
-0.188688689
-0.187687688
-0.186686687
-0.185685686
-0.184684685
-0.183683684
-0.182682683
-0.181681682
-0.180680681
-0.17967968
-0.178678679
-0.177677678
-0.176676677
-0.175675676
-0.174674675
-0.173673674
-0.172672673
-0.171671672
-0.170670671
-0.16966967
-0.168668669
-0.167667668
-0.166666667
-0.165665666
-0.164664665
-0.163663664
-0.162662663
-0.161661662
-0.160660661
-0.15965966
-0.158658659
-0.157657658
-0.156656657
-0.155655656
-0.154654655
-0.153653654
-0.152652653
-0.151651652
-0.150650651
-0.14964965
-0.148648649
-0.147647648
-0.146646647
-0.145645646
-0.144644645
-0.143643644
-0.142642643
-0.141641642
-0.140640641
-0.13963964
-0.138638639
-0.137637638
-0.136636637
-0.135635636
-0.134634635
-0.133633634
-0.132632633
-0.131631632
-0.130630631
-0.12962963
-0.128628629
-0.127627628
-0.126626627
-0.125625626
-0.124624625
-0.123623624
-0.122622623
-0.121621622
-0.120620621
-0.11961962
-0.118618619
-0.117617618
-0.116616617
-0.115615616
-0.114614615
-0.113613614
-0.112612613
-0.111611612
-0.110610611
-0.10960961
-0.108608609
-0.107607608
-0.106606607
-0.105605606
-0.104604605
-0.103603604
-0.102602603
-0.101601602
-0.100600601
-0.0995996
-0.098598599
-0.097597598
-0.096596597
-0.095595596
-0.094594595
-0.093593594
-0.092592593
-0.091591592
-0.090590591
-0.08958959
-0.088588589
-0.087587588
-0.086586587
-0.085585586
-0.084584585
-0.083583584
-0.082582583
-0.081581582
-0.080580581
-0.07957958
-0.078578579
-0.077577578
-0.076576577
-0.075575576
-0.074574575
-0.073573574
-0.072572573
-0.071571572
-0.070570571
-0.06956957
-0.068568569
-0.067567568
-0.066566567
-0.065565566
-0.064564565
-0.063563564
-0.062562563
-0.061561562
-0.060560561
-0.05955956
-0.058558559
-0.057557558
-0.056556557
-0.055555556
-0.054554555
-0.053553554
-0.052552553
-0.051551552
-0.050550551
-0.04954955
-0.048548549
-0.047547548
-0.046546547
-0.045545546
-0.044544545
-0.043543544
-0.042542543
-0.041541542
-0.040540541
-0.03953954
-0.038538539
-0.037537538
-0.036536537
-0.035535536
-0.034534535
-0.033533534
-0.032532533
-0.031531532
-0.030530531
-0.02952953
-0.028528529
-0.027527528
-0.026526527
-0.025525526
-0.024524525
-0.023523524
-0.022522523
-0.021521522
-0.020520521
-0.01951952
-0.018518519
-0.017517518
-0.016516517
-0.015515516
-0.014514515
-0.013513514
-0.012512513
-0.011511512
-0.010510511
-0.00950951
-0.008508509
-0.007507508
-0.006506507
-0.005505506
-0.004504505
-0.003503504
-0.002502503
-0.001501502
-0.000500501
0.000500501
0.001501502
0.002502503
0.003503504
0.004504505
0.005505506
0.006506507
0.007507508
0.008508509
0.00950951
0.010510511
0.011511512
0.012512513
0.013513514
0.014514515
0.015515516
0.016516517
0.017517518
0.018518519
0.01951952
0.020520521
0.021521522
0.022522523
0.023523524
0.024524525
0.025525526
0.026526527
0.027527528
0.028528529
0.02952953
0.030530531
0.031531532
0.032532533
0.033533534
0.034534535
0.035535536
0.036536537
0.037537538
0.038538539
0.03953954
0.040540541
0.041541542
0.042542543
0.043543544
0.044544545
0.045545546
0.046546547
0.047547548
0.048548549
0.04954955
0.050550551
0.051551552
0.052552553
0.053553554
0.054554555
0.055555556
0.056556557
0.057557558
0.058558559
0.05955956
0.060560561
0.061561562
0.062562563
0.063563564
0.064564565
0.065565566
0.066566567
0.067567568
0.068568569
0.06956957
0.070570571
0.071571572
0.072572573
0.073573574
0.074574575
0.075575576
0.076576577
0.077577578
0.078578579
0.07957958
0.080580581
0.081581582
0.082582583
0.083583584
0.084584585
0.085585586
0.086586587
0.087587588
0.088588589
0.08958959
0.090590591
0.091591592
0.092592593
0.093593594
0.094594595
0.095595596
0.096596597
0.097597598
0.098598599
0.0995996
0.100600601
0.101601602
0.102602603
0.103603604
0.104604605
0.105605606
0.106606607
0.107607608
0.108608609
0.10960961
0.110610611
0.111611612
0.112612613
0.113613614
0.114614615
0.115615616
0.116616617
0.117617618
0.118618619
0.11961962
0.120620621
0.121621622
0.122622623
0.123623624
0.124624625
0.125625626
0.126626627
0.127627628
0.128628629
0.12962963
0.130630631
0.131631632
0.132632633
0.133633634
0.134634635
0.135635636
0.136636637
0.137637638
0.138638639
0.13963964
0.140640641
0.141641642
0.142642643
0.143643644
0.144644645
0.145645646
0.146646647
0.147647648
0.148648649
0.14964965
0.150650651
0.151651652
0.152652653
0.153653654
0.154654655
0.155655656
0.156656657
0.157657658
0.158658659
0.15965966
0.160660661
0.161661662
0.162662663
0.163663664
0.164664665
0.165665666
0.166666667
0.167667668
0.168668669
0.16966967
0.170670671
0.171671672
0.172672673
0.173673674
0.174674675
0.175675676
0.176676677
0.177677678
0.178678679
0.17967968
0.180680681
0.181681682
0.182682683
0.183683684
0.184684685
0.185685686
0.186686687
0.187687688
0.188688689
0.18968969
0.190690691
0.191691692
0.192692693
0.193693694
0.194694695
0.195695696
0.196696697
0.197697698
0.198698699
0.1996997
0.200700701
0.201701702
0.202702703
0.203703704
0.204704705
0.205705706
0.206706707
0.207707708
0.208708709
0.20970971
0.210710711
0.211711712
0.212712713
0.213713714
0.214714715
0.215715716
0.216716717
0.217717718
0.218718719
0.21971972
0.220720721
0.221721722
0.222722723
0.223723724
0.224724725
0.225725726
0.226726727
0.227727728
0.228728729
0.22972973
0.230730731
0.231731732
0.232732733
0.233733734
0.234734735
0.235735736
0.236736737
0.237737738
0.238738739
0.23973974
0.240740741
0.241741742
0.242742743
0.243743744
0.244744745
0.245745746
0.246746747
0.247747748
0.248748749
0.24974975
0.250750751
0.251751752
0.252752753
0.253753754
0.254754755
0.255755756
0.256756757
0.257757758
0.258758759
0.25975976
0.260760761
0.261761762
0.262762763
0.263763764
0.264764765
0.265765766
0.266766767
0.267767768
0.268768769
0.26976977
0.270770771
0.271771772
0.272772773
0.273773774
0.274774775
0.275775776
0.276776777
0.277777778
0.278778779
0.27977978
0.280780781
0.281781782
0.282782783
0.283783784
0.284784785
0.285785786
0.286786787
0.287787788
0.288788789
0.28978979
0.290790791
0.291791792
0.292792793
0.293793794
0.294794795
0.295795796
0.296796797
0.297797798
0.298798799
0.2997998
0.300800801
0.301801802
0.302802803
0.303803804
0.304804805
0.305805806
0.306806807
0.307807808
0.308808809
0.30980981
0.310810811
0.311811812
0.312812813
0.313813814
0.314814815
0.315815816
0.316816817
0.317817818
0.318818819
0.31981982
0.320820821
0.321821822
0.322822823
0.323823824
0.324824825
0.325825826
0.326826827
0.327827828
0.328828829
0.32982983
0.330830831
0.331831832
0.332832833
0.333833834
0.334834835
0.335835836
0.336836837
0.337837838
0.338838839
0.33983984
0.340840841
0.341841842
0.342842843
0.343843844
0.344844845
0.345845846
0.346846847
0.347847848
0.348848849
0.34984985
0.350850851
0.351851852
0.352852853
0.353853854
0.354854855
0.355855856
0.356856857
0.357857858
0.358858859
0.35985986
0.360860861
0.361861862
0.362862863
0.363863864
0.364864865
0.365865866
0.366866867
0.367867868
0.368868869
0.36986987
0.370870871
0.371871872
0.372872873
0.373873874
0.374874875
0.375875876
0.376876877
0.377877878
0.378878879
0.37987988
0.380880881
0.381881882
0.382882883
0.383883884
0.384884885
0.385885886
0.386886887
0.387887888
0.388888889
0.38988989
0.390890891
0.391891892
0.392892893
0.393893894
0.394894895
0.395895896
0.396896897
0.397897898
0.398898899
0.3998999
0.400900901
0.401901902
0.402902903
0.403903904
0.404904905
0.405905906
0.406906907
0.407907908
0.408908909
0.40990991
0.410910911
0.411911912
0.412912913
0.413913914
0.414914915
0.415915916
0.416916917
0.417917918
0.418918919
0.41991992
0.420920921
0.421921922
0.422922923
0.423923924
0.424924925
0.425925926
0.426926927
0.427927928
0.428928929
0.42992993
0.430930931
0.431931932
0.432932933
0.433933934
0.434934935
0.435935936
0.436936937
0.437937938
0.438938939
0.43993994
0.440940941
0.441941942
0.442942943
0.443943944
0.444944945
0.445945946
0.446946947
0.447947948
0.448948949
0.44994995
0.450950951
0.451951952
0.452952953
0.453953954
0.454954955
0.455955956
0.456956957
0.457957958
0.458958959
0.45995996
0.460960961
0.461961962
0.462962963
0.463963964
0.464964965
0.465965966
0.466966967
0.467967968
0.468968969
0.46996997
0.470970971
0.471971972
0.472972973
0.473973974
0.474974975
0.475975976
0.476976977
0.477977978
0.478978979
0.47997998
0.480980981
0.481981982
0.482982983
0.483983984
0.484984985
0.485985986
0.486986987
0.487987988
0.488988989
0.48998999
0.490990991
0.491991992
0.492992993
0.493993994
0.494994995
0.495995996
0.496996997
0.497997998
0.498998999
0.5
y